Fixed time simulation start ######################################
period_bakup_clks;vol_cntr1_val;vol_cntr_pa_val;framework_pa_val;data_save_pa_val;time;shtdwn_counter;clk_counter;trace_rom_addr;
2;13;288;1613;1482;100 us;12;2513;1250;
4;87;436;1511;1374;100 us;12;2513;1250;
6;79;577;1407;1267;100 us;12;2513;1250;
8;73;672;1349;1203;100 us;12;2513;1250;
10;69;790;1252;1102;100 us;12;2513;1250;
12;130;882;1185;1034;100 us;12;2513;1250;
14;118;959;1131;978;100 us;12;2513;1250;
16;116;1037;1072;914;100 us;12;2513;1250;
18;107;1093;1029;872;100 us;12;2513;1250;
20;115;1147;998;834;100 us;12;2513;1250;
22;149;1199;957;794;100 us;12;2513;1250;
24;141;1248;927;757;100 us;12;2513;1250;
26;138;1308;878;703;100 us;12;2513;1250;
28;129;1364;829;658;100 us;12;2513;1250;
30;162;1391;818;646;100 us;12;2513;1250;
32;152;1422;793;620;100 us;12;2513;1250;
34;148;1461;767;591;100 us;12;2513;1250;
36;144;1494;740;566;100 us;12;2513;1250;
38;147;1511;731;557;100 us;12;2513;1250;
40;167;1525;725;547;100 us;12;2513;1250;
42;166;1553;699;519;100 us;12;2513;1250;
44;155;1585;676;496;100 us;12;2513;1250;
46;145;1617;654;472;100 us;12;2513;1250;
48;173;1642;637;454;100 us;12;2513;1250;
50;167;1655;627;445;100 us;12;2513;1250;
52;166;1663;619;437;100 us;12;2513;1250;
54;159;1671;613;432;100 us;12;2513;1250;
56;170;1676;611;429;100 us;12;2513;1250;
58;183;1686;602;419;100 us;12;2513;1250;
60;182;1702;591;406;100 us;12;2513;1250;
62;168;1724;578;390;100 us;12;2513;1250;
64;168;1748;557;368;100 us;12;2513;1250;
66;191;1768;541;353;100 us;12;2513;1250;
68;175;1784;534;346;100 us;12;2513;1250;
70;174;1796;528;336;100 us;12;2513;1250;
72;173;1814;516;320;100 us;12;2513;1250;
74;184;1832;498;302;100 us;12;2513;1250;
76;184;1850;481;286;100 us;12;2513;1250;
78;174;1866;467;273;100 us;12;2513;1250;
80;156;1880;457;265;100 us;12;2513;1250;
82;155;1890;453;261;100 us;12;2513;1250;
84;171;1904;444;248;100 us;12;2513;1250;
86;151;1918;430;236;100 us;12;2513;1250;
88;140;1934;420;226;100 us;12;2513;1250;
90;140;1950;411;216;100 us;12;2513;1250;
92;139;1966;398;202;100 us;12;2513;1250;
94;143;1980;387;192;100 us;12;2513;1250;
96;132;1988;381;187;100 us;12;2513;1250;
98;131;1991;381;187;100 us;12;2513;1250;
100;131;1991;381;187;100 us;12;2513;1250;
102;141;1991;381;187;100 us;12;2513;1250;
104;141;1991;381;187;100 us;12;2513;1250;
106;140;1991;381;187;100 us;12;2513;1250;
108;140;1991;381;187;100 us;12;2513;1250;
110;147;1991;381;187;100 us;12;2513;1250;
112;150;1991;381;187;100 us;12;2513;1250;
114;150;1991;381;187;100 us;12;2513;1250;
116;149;1991;381;187;100 us;12;2513;1250;
118;149;1991;381;187;100 us;12;2513;1250;
120;159;1991;381;187;100 us;12;2513;1250;
122;159;1991;381;187;100 us;12;2513;1250;
124;158;1991;381;187;100 us;12;2513;1250;
126;158;1991;381;187;100 us;12;2513;1250;
128;165;1991;381;187;100 us;12;2513;1250;
130;168;1991;381;187;100 us;12;2513;1250;
132;168;1991;381;187;100 us;12;2513;1250;
134;167;1991;381;187;100 us;12;2513;1250;
136;167;1995;380;184;100 us;12;2513;1250;
138;177;1999;376;180;100 us;12;2513;1250;
140;177;2004;372;176;100 us;12;2513;1250;
142;176;2010;368;170;100 us;12;2513;1250;
144;160;2019;363;164;100 us;12;2513;1250;
146;169;2027;357;158;100 us;12;2513;1250;
148;170;2037;350;149;100 us;12;2513;1250;
150;170;2047;340;139;100 us;12;2513;1250;
152;170;2057;330;130;100 us;12;2513;1250;
154;170;2066;324;124;100 us;12;2513;1250;
156;161;2073;319;120;100 us;12;2513;1250;
158;143;2079;317;117;100 us;12;2513;1250;
160;143;2083;315;115;100 us;12;2513;1250;
162;142;2086;313;113;100 us;12;2513;1250;
164;149;2090;311;111;100 us;12;2513;1250;
166;149;2096;309;105;100 us;12;2513;1250;
168;149;2102;303;99;100 us;12;2513;1250;
170;149;2108;297;93;100 us;12;2513;1250;
172;148;2114;291;87;100 us;12;2513;1250;
174;135;2120;285;82;100 us;12;2513;1250;
176;135;2126;281;78;100 us;12;2513;1250;
178;135;2131;277;74;100 us;12;2513;1250;
180;134;2135;273;70;100 us;12;2513;1250;
182;98;2139;269;68;100 us;12;2513;1250;
184;98;2143;269;68;100 us;12;2513;1250;
186;98;2145;269;68;100 us;12;2513;1250;
188;98;2146;269;68;100 us;12;2513;1250;
190;97;2148;269;66;100 us;12;2513;1250;
192;101;2150;267;64;100 us;12;2513;1250;
194;101;2152;265;62;100 us;12;2513;1250;
196;101;2154;263;60;100 us;12;2513;1250;
198;100;2156;261;58;100 us;12;2513;1250;
200;104;2158;259;56;100 us;12;2513;1250;
202;104;2160;257;54;100 us;12;2513;1250;
204;104;2162;255;52;100 us;12;2513;1250;
206;81;2164;253;51;100 us;12;2513;1250;
208;80;2166;253;51;100 us;12;2513;1250;
210;83;2167;253;51;100 us;12;2513;1250;
212;83;2167;253;51;100 us;12;2513;1250;
214;83;2167;253;51;100 us;12;2513;1250;
216;82;2167;253;51;100 us;12;2513;1250;
218;85;2167;253;51;100 us;12;2513;1250;
220;85;2167;253;51;100 us;12;2513;1250;
222;85;2167;253;51;100 us;12;2513;1250;
224;85;2167;253;51;100 us;12;2513;1250;
226;84;2167;253;51;100 us;12;2513;1250;
228;87;2167;253;51;100 us;12;2513;1250;
230;87;2167;253;51;100 us;12;2513;1250;
232;87;2167;253;51;100 us;12;2513;1250;
234;86;2167;253;51;100 us;12;2513;1250;
236;89;2167;253;51;100 us;12;2513;1250;
238;89;2167;253;51;100 us;12;2513;1250;
240;89;2167;253;51;100 us;12;2513;1250;
242;89;2167;253;51;100 us;12;2513;1250;
244;88;2167;253;51;100 us;12;2513;1250;
246;91;2167;253;51;100 us;12;2513;1250;
248;91;2167;253;51;100 us;12;2513;1250;
250;91;2167;253;51;100 us;12;2513;1250;
252;90;2167;253;51;100 us;12;2513;1250;
254;93;2167;253;51;100 us;12;2513;1250;
256;93;2167;253;51;100 us;12;2513;1250;
258;93;2167;253;51;100 us;12;2513;1250;
260;93;2167;253;51;100 us;12;2513;1250;
262;92;2167;253;51;100 us;12;2513;1250;
264;95;2167;253;51;100 us;12;2513;1250;
266;95;2167;253;51;100 us;12;2513;1250;
268;95;2167;253;51;100 us;12;2513;1250;
270;94;2167;253;51;100 us;12;2513;1250;
272;97;2167;253;51;100 us;12;2513;1250;
274;97;2167;253;51;100 us;12;2513;1250;
276;97;2167;253;51;100 us;12;2513;1250;
278;97;2167;253;51;100 us;12;2513;1250;
280;96;2167;253;51;100 us;12;2513;1250;
282;99;2167;253;51;100 us;12;2513;1250;
284;99;2167;253;51;100 us;12;2513;1250;
286;99;2167;253;51;100 us;12;2513;1250;
288;98;2167;253;51;100 us;12;2513;1250;
290;101;2167;253;51;100 us;12;2513;1250;
292;101;2168;253;51;100 us;12;2513;1250;
294;101;2170;253;49;100 us;12;2513;1250;
296;101;2172;251;47;100 us;12;2513;1250;
298;100;2174;249;45;100 us;12;2513;1250;
300;103;2176;247;43;100 us;12;2513;1250;
302;103;2178;245;41;100 us;12;2513;1250;
304;103;2180;243;39;100 us;12;2513;1250;
306;102;2182;241;37;100 us;12;2513;1250;
308;105;2184;239;35;100 us;12;2513;1250;
310;70;2188;237;33;100 us;12;2513;1250;
312;70;2192;236;31;100 us;12;2513;1250;
314;70;2195;234;29;100 us;12;2513;1250;
316;71;2198;232;27;100 us;12;2513;1250;
318;72;2202;230;23;100 us;12;2513;1250;
320;72;2206;226;19;100 us;12;2513;1250;
322;72;2210;222;15;100 us;12;2513;1250;
324;72;2214;218;11;100 us;12;2513;1250;
326;74;2218;214;7;100 us;12;2513;1250;
328;74;2222;211;5;100 us;12;2513;1250;
330;74;2226;209;3;100 us;12;2513;1250;
332;74;2228;207;1;100 us;12;2513;1250;
334;37;2230;205;0;100 us;12;2513;1250;
336;37;2232;205;0;100 us;12;2513;1250;
338;37;2233;205;0;100 us;12;2513;1250;
340;37;2233;205;0;100 us;12;2513;1250;
342;37;2233;205;0;100 us;12;2513;1250;
344;37;2233;205;0;100 us;12;2513;1250;
346;37;2233;205;0;100 us;12;2513;1250;
348;37;2233;205;0;100 us;12;2513;1250;
350;37;2233;205;0;100 us;12;2513;1250;
352;37;2233;205;0;100 us;12;2513;1250;
354;37;2233;205;0;100 us;12;2513;1250;
356;37;2233;205;0;100 us;12;2513;1250;
358;37;2233;205;0;100 us;12;2513;1250;
360;37;2233;205;0;100 us;12;2513;1250;
362;37;2233;205;0;100 us;12;2513;1250;
364;37;2233;205;0;100 us;12;2513;1250;
366;37;2233;205;0;100 us;12;2513;1250;
368;37;2233;205;0;100 us;12;2513;1250;
370;37;2233;205;0;100 us;12;2513;1250;
372;37;2233;205;0;100 us;12;2513;1250;
374;37;2233;205;0;100 us;12;2513;1250;
376;37;2233;205;0;100 us;12;2513;1250;
378;37;2233;205;0;100 us;12;2513;1250;
380;37;2233;205;0;100 us;12;2513;1250;
382;37;2233;205;0;100 us;12;2513;1250;
384;37;2233;205;0;100 us;12;2513;1250;
386;37;2233;205;0;100 us;12;2513;1250;
388;37;2233;205;0;100 us;12;2513;1250;
390;37;2233;205;0;100 us;12;2513;1250;
392;37;2233;205;0;100 us;12;2513;1250;
394;37;2233;205;0;100 us;12;2513;1250;
396;37;2233;205;0;100 us;12;2513;1250;
398;37;2233;205;0;100 us;12;2513;1250;
Fixed time simulation end ########################################

Fixed value simulation start #####################################
period_bakup_clks;time;shtdwn_counter;clk_counter;trace_rom_addr;vol_cntr_pa_val;framework_pa_val;data_save_pa_val;fixed_vol_cntr1_val;
2;2224645 ns;283;49586;1118;5616;31943;29033;250;
4;334225 ns;42;7328;1038;1260;4412;3946;250;
6;350815 ns;44;8091;1245;1858;4529;4053;250;
8;421985 ns;50;8672;565;2305;4657;4085;250;
10;432675 ns;52;9093;698;2832;4548;3931;250;
12;217335 ns;27;4887;1147;1699;2320;1991;250;
14;225735 ns;28;5335;1252;2046;2390;2053;250;
16;229835 ns;29;5449;1303;2227;2346;1981;250;
18;300955 ns;35;5953;622;2575;2445;2005;250;
20;230395 ns;29;5505;1310;2504;2193;1822;250;
22;190755 ns;23;4293;814;2039;1639;1338;250;
24;209105 ns;26;4568;1044;2265;1684;1330;250;
26;215285 ns;27;4682;1121;2417;1650;1274;250;
28;222575 ns;28;5019;1212;2713;1663;1282;250;
30;187725 ns;22;3998;776;2204;1306;1004;250;
32;189595 ns;23;4177;800;2354;1322;1004;250;
34;190755 ns;23;4293;814;2483;1315;997;250;
36;208715 ns;26;4529;1039;2643;1370;1011;250;
38;190445 ns;23;4262;810;2531;1262;944;250;
40;185865 ns;22;3812;753;2284;1121;804;250;
42;185865 ns;22;3812;753;2332;1078;757;250;
44;187885 ns;22;4014;778;2525;1080;765;250;
46;192165 ns;24;4426;832;2846;1153;806;250;
48;185775 ns;22;3803;752;2451;990;665;250;
50;186515 ns;22;3877;761;2528;986;663;250;
52;186535 ns;22;3879;762;2548;968;645;250;
54;188095 ns;22;4035;781;2678;986;667;250;
56;184305 ns;21;3712;734;2462;910;601;250;
58;182985 ns;21;3580;717;2398;855;544;250;
60;182985 ns;21;3580;717;2421;840;527;250;
62;187575 ns;22;3983;775;2734;909;583;250;
64;187615 ns;22;3987;775;2760;894;567;250;
66;182715 ns;21;3553;714;2455;798;483;250;
68;184545 ns;21;3736;737;2617;820;505;250;
70;184585 ns;21;3740;737;2641;808;487;250;
72;184625 ns;21;3744;738;2675;787;460;250;
74;182715 ns;21;3553;714;2560;725;395;250;
76;181685 ns;20;3498;701;2567;674;361;250;
78;186045 ns;22;3830;755;2843;708;367;250;
80;190525 ns;23;4270;811;3199;772;423;250;
82;190545 ns;23;4272;812;3217;766;417;250;
84;187395 ns;22;3965;772;3017;690;348;250;
86;191915 ns;24;4401;829;3376;740;370;250;
88;216715 ns;27;4825;1139;3721;797;386;250;
90;216735 ns;27;4827;1139;3742;789;378;250;
92;217365 ns;27;4890;1147;3797;795;385;250;
94;216595 ns;27;4813;1137;3752;773;362;250;
96;217805 ns;27;4934;1152;3857;783;374;250;
98;217845 ns;27;4938;1153;3864;783;374;250;
100;217885 ns;27;4942;1153;3869;783;374;250;
102;209435 ns;26;4601;1048;3596;735;338;250;
104;209435 ns;26;4601;1048;3598;733;336;250;
106;209435 ns;26;4601;1048;3601;731;334;250;
108;209435 ns;26;4601;1048;3609;725;326;250;
110;191735 ns;24;4383;827;3459;672;301;250;
112;192645 ns;24;4474;838;3536;680;311;250;
114;192665 ns;24;4476;838;3543;678;309;250;
116;192685 ns;24;4478;838;3547;676;307;250;
118;216385 ns;27;4792;1135;3781;735;323;250;
120;192095 ns;24;4419;831;3514;658;289;250;
122;192095 ns;24;4419;831;3515;658;289;250;
124;192095 ns;24;4419;831;3515;658;289;250;
126;192095 ns;24;4419;831;3515;658;289;250;
128;190115 ns;23;4229;806;3369;626;272;250;
130;189755 ns;23;4193;802;3333;626;272;250;
132;189755 ns;23;4193;802;3333;626;272;250;
134;189755 ns;23;4193;802;3333;626;272;250;
136;189755 ns;23;4193;802;3341;624;266;250;
138;187935 ns;22;4019;779;3211;589;248;250;
140;187955 ns;22;4021;779;3218;585;244;250;
142;187975 ns;22;4023;780;3226;581;238;250;
144;191915 ns;24;4401;829;3542;624;251;250;
146;188375 ns;22;4063;785;3276;574;232;250;
148;188215 ns;22;4047;783;3266;571;227;250;
150;188235 ns;22;4049;783;3274;565;221;250;
152;188255 ns;22;4051;783;3282;559;215;250;
154;188275 ns;22;4053;783;3290;553;209;250;
156;190295 ns;23;4247;809;3470;564;205;250;
158;192455 ns;24;4455;836;3642;594;217;250;
160;192455 ns;24;4455;836;3648;590;213;250;
162;192455 ns;24;4455;836;3653;586;209;250;
164;191375 ns;24;4347;822;3553;582;205;250;
166;191285 ns;24;4338;821;3556;578;193;250;
168;191285 ns;24;4338;821;3568;566;181;250;
170;191285 ns;24;4338;821;3580;554;169;250;
172;191285 ns;24;4338;821;3596;541;154;250;
174;217575 ns;27;4911;1150;4103;586;157;250;
176;217595 ns;27;4913;1150;4121;574;145;250;
178;217615 ns;27;4915;1150;4137;562;133;250;
180;225155 ns;28;5277;1244;4467;583;140;250;
182;349525 ns;44;7962;1229;6758;865;187;250;
184;349525 ns;44;7962;1229;6770;865;187;250;
186;349525 ns;44;7962;1229;6776;865;187;250;
188;349525 ns;44;7962;1229;6779;865;187;250;
190;349525 ns;44;7962;1229;6785;865;181;250;
192;343175 ns;43;7719;1150;6570;843;175;250;
194;343195 ns;43;7721;1150;6578;837;169;250;
196;343215 ns;43;7723;1150;6586;831;163;250;
198;343235 ns;43;7725;1150;6594;825;157;250;
200;316255 ns;39;7091;813;6070;742;134;250;
202;316255 ns;39;7091;813;6076;736;128;250;
204;316255 ns;39;7091;813;6082;730;122;250;
206;441855 ns;55;9899;813;8495;1014;170;250;
208;441855 ns;55;9899;813;8503;1014;170;250;
210;440955 ns;55;9809;802;8417;1014;170;250;
212;440955 ns;55;9809;802;8417;1014;170;250;
214;440955 ns;55;9809;802;8417;1014;170;250;
216;440955 ns;55;9809;802;8417;1014;170;250;
218;438865 ns;54;9608;776;8260;982;153;250;
220;438865 ns;54;9608;776;8260;982;153;250;
222;438865 ns;54;9608;776;8260;982;153;250;
224;438865 ns;54;9608;776;8260;982;153;250;
226;438865 ns;54;9608;776;8260;982;153;250;
228;427815 ns;51;8887;638;7605;934;153;250;
230;427815 ns;51;8887;638;7605;934;153;250;
232;427815 ns;51;8887;638;7605;934;153;250;
234;427815 ns;51;8887;638;7605;934;153;250;
236;351045 ns;44;8114;1248;6972;833;153;250;
238;351065 ns;44;8116;1248;6974;833;153;250;
240;351085 ns;44;8118;1248;6976;833;153;250;
242;351105 ns;44;8120;1249;6978;833;153;250;
244;351125 ns;44;8122;1249;6980;833;153;250;
246;350155 ns;44;8025;1237;6905;817;136;250;
248;350155 ns;44;8025;1237;6905;817;136;250;
250;350155 ns;44;8025;1237;6905;817;136;250;
252;350155 ns;44;8025;1237;6905;817;136;250;
254;349435 ns;44;7953;1228;6833;817;136;250;
256;349435 ns;44;7953;1228;6833;817;136;250;
258;349435 ns;44;7953;1228;6833;817;136;250;
260;349435 ns;44;7953;1228;6833;817;136;250;
262;349435 ns;44;7953;1228;6833;817;136;250;
264;348715 ns;44;7881;1219;6761;817;136;250;
266;348715 ns;44;7881;1219;6761;817;136;250;
268;348715 ns;44;7881;1219;6761;817;136;250;
270;348715 ns;44;7881;1219;6761;817;136;250;
272;343435 ns;43;7745;1153;6647;801;136;250;
274;343455 ns;43;7747;1153;6649;801;136;250;
276;343475 ns;43;7749;1153;6651;801;136;250;
278;343495 ns;43;7751;1154;6653;801;136;250;
280;343515 ns;43;7753;1154;6655;801;136;250;
282;342635 ns;43;7665;1143;6589;785;119;250;
284;342635 ns;43;7665;1143;6589;785;119;250;
286;342635 ns;43;7665;1143;6589;785;119;250;
288;342635 ns;43;7665;1143;6589;785;119;250;
290;316165 ns;39;7082;812;6088;724;119;250;
292;316165 ns;39;7082;812;6091;724;119;250;
294;316165 ns;39;7082;812;6097;724;113;250;
296;316165 ns;39;7082;812;6103;718;107;250;
298;316165 ns;39;7082;812;6109;712;101;250;
300;315535 ns;39;7019;804;6052;706;95;250;
302;315535 ns;39;7019;804;6058;700;89;250;
304;315535 ns;39;7019;804;6064;694;83;250;
306;315535 ns;39;7019;804;6070;688;77;250;
308;314905 ns;39;6956;796;6013;682;71;250;
310;473865 ns;60;10644;1213;9202;1043;119;250;
312;473865 ns;60;10644;1213;9210;1043;119;250;
314;473865 ns;60;10644;1213;9214;1043;119;250;
316;473865 ns;60;10644;1213;9218;1043;119;250;
318;439675 ns;54;9689;786;8416;934;96;250;
320;439675 ns;54;9689;786;8422;928;90;250;
322;439675 ns;54;9689;786;8428;922;84;250;
324;439675 ns;54;9689;786;8434;916;78;250;
326;439135 ns;54;9635;779;8386;910;72;250;
328;439135 ns;54;9635;779;8392;904;66;250;
330;439135 ns;54;9635;779;8398;898;60;250;
332;439135 ns;54;9635;779;8404;892;54;250;
334;815935 ns;102;18059;779;15763;1660;102;250;
336;812515 ns;101;17773;736;15511;1644;102;250;
338;812515 ns;101;17773;736;15517;1644;102;250;
340;812515 ns;101;17773;736;15517;1644;102;250;
342;812515 ns;101;17773;736;15517;1644;102;250;
344;804615 ns;99;17311;638;15099;1612;102;250;
346;804615 ns;99;17311;638;15099;1612;102;250;
348;804615 ns;99;17311;638;15099;1612;102;250;
350;804615 ns;99;17311;638;15099;1612;102;250;
352;804615 ns;99;17311;638;15099;1612;102;250;
354;732555 ns;93;16713;1307;14619;1527;102;250;
356;732555 ns;93;16713;1307;14619;1527;102;250;
358;732555 ns;93;16713;1307;14619;1527;102;250;
360;732555 ns;93;16713;1307;14619;1527;102;250;
362;732015 ns;93;16659;1300;14565;1527;102;250;
364;732015 ns;93;16659;1300;14571;1527;102;250;
366;732015 ns;93;16659;1300;14583;1527;90;250;
368;732015 ns;93;16659;1300;14595;1515;78;250;
370;732015 ns;93;16659;1300;14607;1503;66;250;
372;728215 ns;92;16575;1253;14570;1465;45;250;
374;728215 ns;92;16575;1253;14580;1455;35;250;
376;728215 ns;92;16575;1253;14590;1445;25;250;
378;728215 ns;92;16575;1253;14600;1435;15;250;
380;690965 ns;86;15314;787;13475;1332;5;250;
382;5 ms;637;112080;1270;98732;9643;0;43;
384;5 ms;637;112080;1270;98812;9643;0;43;
386;5 ms;637;112080;1270;98852;9643;0;43;
388;5 ms;637;112080;1270;98852;9643;0;43;
390;5 ms;637;112080;1270;98852;9643;0;43;
392;5 ms;637;112080;1270;98852;9643;0;43;
394;5 ms;637;112080;1270;98852;9643;0;43;
396;5 ms;637;112080;1270;98852;9643;0;43;
398;5 ms;637;112080;1270;98852;9643;0;43;
Fixed value simulation end #######################################
