Fixed time simulation start ######################################
hazard_threshold_val;vol_cntr1_val;vol_cntr_pa_val;framework_pa_val;data_save_pa_val;time;shtdwn_counter;clk_counter;trace_rom_addr;
3000;207;2033;357;145;100 us;12;2513;1250;
3010;205;2012;375;165;100 us;12;2513;1250;
3020;205;2012;375;165;100 us;12;2513;1250;
3030;223;1981;397;187;100 us;12;2513;1250;
3040;223;1981;397;187;100 us;12;2513;1250;
3050;221;1959;413;204;100 us;12;2513;1250;
3060;220;1956;413;206;100 us;12;2513;1250;
3070;220;1956;413;206;100 us;12;2513;1250;
3080;217;1931;429;225;100 us;12;2513;1250;
3090;212;1898;450;251;100 us;12;2513;1250;
3100;212;1898;450;251;100 us;12;2513;1250;
3110;208;1868;472;279;100 us;12;2513;1250;
3120;208;1868;472;279;100 us;12;2513;1250;
3130;208;1868;472;279;100 us;12;2513;1250;
3140;204;1846;488;296;100 us;12;2513;1250;
3150;204;1846;488;296;100 us;12;2513;1250;
3160;203;1835;497;307;100 us;12;2513;1250;
3170;204;1835;497;307;100 us;12;2513;1250;
3180;203;1820;506;317;100 us;12;2513;1250;
3190;203;1820;506;317;100 us;12;2513;1250;
3200;203;1820;506;317;100 us;12;2513;1250;
3210;203;1815;508;318;100 us;12;2513;1250;
3220;202;1815;508;318;100 us;12;2513;1250;
3230;202;1815;508;318;100 us;12;2513;1250;
3240;199;1793;524;335;100 us;12;2513;1250;
3250;196;1762;545;356;100 us;12;2513;1250;
3260;196;1762;545;356;100 us;12;2513;1250;
3270;196;1762;545;356;100 us;12;2513;1250;
3280;193;1751;551;364;100 us;12;2513;1250;
3290;193;1751;551;364;100 us;12;2513;1250;
3300;194;1751;551;364;100 us;12;2513;1250;
3310;193;1750;551;364;100 us;12;2513;1250;
3320;191;1748;551;364;100 us;12;2513;1250;
3330;188;1726;567;381;100 us;12;2513;1250;
3340;186;1714;576;389;100 us;12;2513;1250;
3350;183;1692;592;406;100 us;12;2513;1250;
3360;183;1681;602;415;100 us;12;2513;1250;
3370;183;1681;602;415;100 us;12;2513;1250;
3380;183;1681;602;415;100 us;12;2513;1250;
3390;183;1681;602;415;100 us;12;2513;1250;
3400;179;1651;623;436;100 us;12;2513;1250;
3410;178;1629;639;453;100 us;12;2513;1250;
3420;178;1619;646;459;100 us;12;2513;1250;
3430;175;1586;673;487;100 us;12;2513;1250;
3440;171;1554;702;518;100 us;12;2513;1250;
3450;171;1554;702;518;100 us;12;2513;1250;
3460;171;1554;702;518;100 us;12;2513;1250;
3470;171;1554;702;518;100 us;12;2513;1250;
3480;171;1532;721;535;100 us;12;2513;1250;
3490;167;1520;726;541;100 us;12;2513;1250;
3500;167;1520;726;541;100 us;12;2513;1250;
3510;167;1520;726;541;100 us;12;2513;1250;
3520;162;1487;753;569;100 us;12;2513;1250;
3530;161;1487;753;569;100 us;12;2513;1250;
3540;160;1485;753;569;100 us;12;2513;1250;
3550;160;1485;753;569;100 us;12;2513;1250;
3560;160;1485;753;569;100 us;12;2513;1250;
3570;157;1463;769;586;100 us;12;2513;1250;
3580;153;1441;785;603;100 us;12;2513;1250;
3590;153;1441;785;603;100 us;12;2513;1250;
3600;152;1436;787;607;100 us;12;2513;1250;
3610;152;1436;787;607;100 us;12;2513;1250;
3620;152;1436;787;607;100 us;12;2513;1250;
3630;149;1414;803;624;100 us;12;2513;1250;
3640;149;1414;803;624;100 us;12;2513;1250;
3650;149;1414;803;624;100 us;12;2513;1250;
3660;148;1411;803;626;100 us;12;2513;1250;
3670;148;1411;803;626;100 us;12;2513;1250;
3680;148;1411;803;626;100 us;12;2513;1250;
3690;147;1397;810;634;100 us;12;2513;1250;
3700;147;1397;810;634;100 us;12;2513;1250;
3710;144;1375;826;651;100 us;12;2513;1250;
3720;144;1375;826;651;100 us;12;2513;1250;
3730;138;1320;867;696;100 us;12;2513;1250;
3740;135;1298;883;713;100 us;12;2513;1250;
3750;134;1287;893;722;100 us;12;2513;1250;
3760;132;1265;909;739;100 us;12;2513;1250;
3770;132;1265;909;739;100 us;12;2513;1250;
3780;130;1254;916;745;100 us;12;2513;1250;
3790;129;1245;922;753;100 us;12;2513;1250;
3800;127;1223;938;770;100 us;12;2513;1250;
3810;127;1223;938;770;100 us;12;2513;1250;
3820;125;1213;945;779;100 us;12;2513;1250;
3830;125;1213;945;779;100 us;12;2513;1250;
3840;124;1202;954;787;100 us;12;2513;1250;
3850;123;1202;954;787;100 us;12;2513;1250;
3860;122;1202;954;787;100 us;12;2513;1250;
3870;122;1202;954;787;100 us;12;2513;1250;
3880;121;1196;957;789;100 us;12;2513;1250;
3890;121;1196;957;789;100 us;12;2513;1250;
3900;121;1196;957;789;100 us;12;2513;1250;
3910;121;1196;957;789;100 us;12;2513;1250;
3920;121;1196;957;789;100 us;12;2513;1250;
3930;121;1196;957;789;100 us;12;2513;1250;
3940;120;1185;966;800;100 us;12;2513;1250;
3950;120;1185;966;800;100 us;12;2513;1250;
3960;119;1174;977;811;100 us;12;2513;1250;
3970;114;1130;1009;845;100 us;12;2513;1250;
3980;114;1130;1009;845;100 us;12;2513;1250;
3990;114;1130;1009;845;100 us;12;2513;1250;
4000;112;1108;1025;862;100 us;12;2513;1250;
4010;112;1108;1025;862;100 us;12;2513;1250;
4020;109;1086;1041;879;100 us;12;2513;1250;
4030;108;1077;1046;883;100 us;12;2513;1250;
4040;106;1055;1062;900;100 us;12;2513;1250;
4050;104;1053;1062;900;100 us;12;2513;1250;
4060;104;1053;1062;900;100 us;12;2513;1250;
4070;104;1053;1062;900;100 us;12;2513;1250;
4080;104;1053;1062;900;100 us;12;2513;1250;
4090;104;1053;1062;900;100 us;12;2513;1250;
4100;101;1031;1078;917;100 us;12;2513;1250;
4110;101;1031;1078;917;100 us;12;2513;1250;
4120;101;1031;1078;917;100 us;12;2513;1250;
4130;101;1031;1078;917;100 us;12;2513;1250;
4140;101;1031;1078;917;100 us;12;2513;1250;
4150;101;1031;1078;917;100 us;12;2513;1250;
4160;100;1031;1078;917;100 us;12;2513;1250;
4170;100;1031;1078;917;100 us;12;2513;1250;
4180;100;1031;1078;917;100 us;12;2513;1250;
4190;100;1031;1078;917;100 us;12;2513;1250;
4200;98;1012;1094;932;100 us;12;2513;1250;
4210;98;1012;1094;932;100 us;12;2513;1250;
4220;98;1012;1094;932;100 us;12;2513;1250;
4230;98;1012;1094;932;100 us;12;2513;1250;
4240;98;1012;1094;932;100 us;12;2513;1250;
4250;98;1012;1094;932;100 us;12;2513;1250;
4260;98;1012;1094;932;100 us;12;2513;1250;
4270;93;968;1126;966;100 us;12;2513;1250;
4280;91;946;1142;983;100 us;12;2513;1250;
4290;90;935;1151;991;100 us;12;2513;1250;
4300;90;935;1151;991;100 us;12;2513;1250;
4310;89;924;1158;997;100 us;12;2513;1250;
4320;89;924;1158;997;100 us;12;2513;1250;
4330;89;924;1158;997;100 us;12;2513;1250;
4340;87;914;1165;1006;100 us;12;2513;1250;
4350;87;914;1165;1006;100 us;12;2513;1250;
4360;87;914;1165;1006;100 us;12;2513;1250;
4370;87;914;1165;1006;100 us;12;2513;1250;
4380;87;914;1165;1006;100 us;12;2513;1250;
4390;87;914;1165;1006;100 us;12;2513;1250;
4400;87;914;1165;1006;100 us;12;2513;1250;
4410;87;914;1165;1006;100 us;12;2513;1250;
4420;87;914;1165;1006;100 us;12;2513;1250;
4430;87;914;1165;1006;100 us;12;2513;1250;
4440;87;914;1165;1006;100 us;12;2513;1250;
4450;87;914;1165;1006;100 us;12;2513;1250;
4460;87;914;1165;1006;100 us;12;2513;1250;
4470;84;892;1181;1023;100 us;12;2513;1250;
4480;84;892;1181;1023;100 us;12;2513;1250;
4490;84;892;1181;1023;100 us;12;2513;1250;
4500;84;892;1181;1023;100 us;12;2513;1250;
4510;84;892;1181;1023;100 us;12;2513;1250;
4520;84;892;1181;1023;100 us;12;2513;1250;
4530;82;870;1197;1040;100 us;12;2513;1250;
4540;79;856;1208;1053;100 us;12;2513;1250;
4550;79;856;1208;1053;100 us;12;2513;1250;
4560;79;856;1208;1053;100 us;12;2513;1250;
4570;76;834;1224;1070;100 us;12;2513;1250;
4580;76;834;1224;1070;100 us;12;2513;1250;
4590;75;829;1226;1074;100 us;12;2513;1250;
4600;75;829;1226;1074;100 us;12;2513;1250;
4610;75;829;1226;1074;100 us;12;2513;1250;
4620;75;829;1226;1074;100 us;12;2513;1250;
4630;75;829;1226;1074;100 us;12;2513;1250;
4640;75;829;1226;1074;100 us;12;2513;1250;
4650;75;829;1226;1074;100 us;12;2513;1250;
4660;75;829;1226;1074;100 us;12;2513;1250;
4670;75;829;1226;1074;100 us;12;2513;1250;
4680;75;829;1226;1074;100 us;12;2513;1250;
4690;75;829;1226;1074;100 us;12;2513;1250;
4700;75;829;1226;1074;100 us;12;2513;1250;
4710;74;823;1229;1076;100 us;12;2513;1250;
4720;74;823;1229;1076;100 us;12;2513;1250;
4730;74;823;1229;1076;100 us;12;2513;1250;
4740;74;823;1229;1076;100 us;12;2513;1250;
4750;74;823;1229;1076;100 us;12;2513;1250;
4760;74;823;1229;1076;100 us;12;2513;1250;
4770;74;823;1229;1076;100 us;12;2513;1250;
4780;74;823;1229;1076;100 us;12;2513;1250;
4790;72;801;1245;1093;100 us;12;2513;1250;
4800;72;801;1245;1093;100 us;12;2513;1250;
4810;72;801;1245;1093;100 us;12;2513;1250;
4820;72;801;1245;1093;100 us;12;2513;1250;
4830;72;801;1245;1093;100 us;12;2513;1250;
4840;72;801;1245;1093;100 us;12;2513;1250;
4850;72;801;1245;1093;100 us;12;2513;1250;
4860;72;801;1245;1093;100 us;12;2513;1250;
4870;72;801;1245;1093;100 us;12;2513;1250;
4880;72;801;1245;1093;100 us;12;2513;1250;
4890;72;801;1245;1093;100 us;12;2513;1250;
4900;72;801;1245;1093;100 us;12;2513;1250;
4910;72;801;1245;1093;100 us;12;2513;1250;
4920;72;801;1245;1093;100 us;12;2513;1250;
4930;72;801;1245;1093;100 us;12;2513;1250;
4940;72;801;1245;1093;100 us;12;2513;1250;
4950;72;801;1245;1093;100 us;12;2513;1250;
4960;72;801;1245;1093;100 us;12;2513;1250;
4970;72;801;1245;1093;100 us;12;2513;1250;
4980;71;791;1252;1102;100 us;12;2513;1250;
4990;71;791;1252;1102;100 us;12;2513;1250;
5000;71;791;1252;1102;100 us;12;2513;1250;
5010;71;791;1252;1102;100 us;12;2513;1250;
Fixed time simulation end ########################################

Fixed value simulation start #####################################
hazard_threshold_val;vol_cntr1_val;vol_cntr_pa_val;framework_pa_val;data_save_pa_val;time;shtdwn_counter;clk_counter;trace_rom_addr;
3000;1000;9922;2013;899;566915 ns;71;12653;806;
3010;1000;9914;2151;1033;568625 ns;72;12816;828;
3020;1000;9914;2151;1033;568625 ns;72;12816;828;
3030;1000;8950;2118;1064;557395 ns;68;11813;687;
3040;1000;8950;2118;1064;557395 ns;68;11813;687;
3050;1000;8934;2182;1132;558115 ns;68;11885;696;
3060;1000;8948;2224;1166;559425 ns;69;11968;713;
3070;1000;8948;2224;1166;559425 ns;69;11968;713;
3080;1000;8952;2316;1278;560865 ns;69;12112;731;
3090;1000;9011;2435;1404;563835 ns;70;12353;768;
3100;1000;9011;2435;1404;563835 ns;70;12353;768;
3110;1000;9040;2585;1554;566195 ns;71;12581;797;
3120;1000;9040;2585;1554;566195 ns;71;12581;797;
3130;1000;9040;2585;1554;566195 ns;71;12581;797;
3140;1000;9064;2713;1673;568265 ns;72;12780;823;
3150;1000;9064;2713;1673;568265 ns;72;12780;823;
3160;1000;9054;2758;1728;568715 ns;72;12825;829;
3170;1000;9018;2758;1728;568355 ns;72;12789;824;
3180;1000;8988;2803;1778;568805 ns;72;12834;830;
3190;1000;8988;2803;1778;568805 ns;72;12834;830;
3200;1000;8988;2803;1778;568805 ns;72;12834;830;
3210;1000;8963;2813;1783;568805 ns;72;12834;830;
3220;1000;8999;2813;1783;569165 ns;72;12870;834;
3230;1000;8999;2813;1783;569165 ns;72;12870;834;
3240;1000;9028;2980;1911;592285 ns;75;13126;1123;
3250;1000;9003;3113;2052;593935 ns;75;13291;1144;
3260;1000;9003;3113;2052;593935 ns;75;13291;1144;
3270;1000;9003;3113;2052;593935 ns;75;13291;1144;
3280;1000;9092;3175;2109;599735 ns;76;13479;1217;
3290;1000;9092;3175;2109;599735 ns;76;13479;1217;
3300;1000;9047;3175;2109;599285 ns;76;13434;1211;
3310;1000;9119;3175;2109;600095 ns;76;13515;1221;
3320;1000;9199;3207;2143;601435 ns;76;13649;1238;
3330;1000;9230;3351;2279;606685 ns;77;13878;1303;
3340;1000;9323;3436;2330;665385 ns;80;14100;467;
3350;1000;9365;3630;2484;678115 ns;83;14413;626;
3360;1000;9310;3680;2529;678115 ns;83;14413;626;
3370;1000;9255;3725;2569;678115 ns;83;14413;626;
3380;1000;9255;3725;2569;678115 ns;83;14413;626;
3390;1000;9255;3725;2569;678115 ns;83;14413;626;
3400;1000;9279;3862;2691;683085 ns;84;14630;688;
3410;1000;9215;3958;2793;683765 ns;84;14698;697;
3420;1000;9165;3993;2823;683765 ns;84;14698;697;
3430;1000;9138;4170;2989;686195 ns;85;14893;727;
3440;1000;9113;4368;3167;688715 ns;86;15089;759;
3450;1000;9113;4368;3167;688715 ns;86;15089;759;
3460;1000;9113;4368;3167;688715 ns;86;15089;759;
3470;1000;9113;4368;3167;688715 ns;86;15089;759;
3480;1000;8981;4482;3269;688715 ns;86;15089;759;
3490;1000;9122;4590;3369;691975 ns;87;15407;800;
3500;1000;9122;4590;3369;691975 ns;87;15407;800;
3510;1000;9119;4696;3471;693505 ns;88;15552;819;
3520;1000;9189;5004;3745;718745 ns;91;16020;1134;
3530;1000;9243;5004;3745;719285 ns;91;16074;1141;
3540;1000;9285;5004;3745;719825 ns;91;16128;1148;
3550;1000;9285;5004;3745;719825 ns;91;16128;1148;
3560;1000;9285;5004;3745;719825 ns;91;16128;1148;
3570;1000;9315;5212;3947;726875 ns;92;16441;1236;
3580;1000;9519;5638;4288;803895 ns;99;17239;629;
3590;1000;9519;5638;4288;803895 ns;99;17239;629;
3600;1000;9543;5650;4312;804435 ns;99;17293;635;
3610;1000;9543;5650;4312;804435 ns;99;17293;635;
3620;1000;9543;5650;4312;804435 ns;99;17293;635;
3630;1000;9588;5836;4474;810715 ns;101;17593;714;
3640;1000;9588;5836;4474;810715 ns;101;17593;714;
3650;1000;9564;5932;4576;811795 ns;101;17701;727;
3660;1000;9595;5948;4605;812505 ns;101;17772;736;
3670;1000;9595;5948;4605;812505 ns;101;17772;736;
3680;1000;9595;5948;4605;812505 ns;101;17772;736;
3690;1000;9556;6064;4721;814495 ns;102;17915;761;
3700;1000;9556;6064;4721;814495 ns;102;17915;761;
3710;1000;9607;6320;4976;818605 ns;103;18318;812;
3720;1000;9596;6397;5030;819555 ns;104;18405;824;
3730;1000;9623;6953;5566;851855 ns;108;19187;1228;
3740;1000;9689;7401;5949;924065 ns;114;19872;561;
3750;1000;9684;7545;6072;929475 ns;115;20045;628;
3760;1000;9662;7712;6231;934355 ns;116;20253;689;
3770;1000;9662;7712;6231;934355 ns;116;20253;689;
3780;1000;9717;7819;6316;936945 ns;117;20464;722;
3790;1000;9717;7867;6380;937665 ns;117;20536;731;
3800;1000;9681;8036;6541;940185 ns;118;20732;762;
3810;1000;9681;8036;6541;940185 ns;118;20732;762;
3820;1000;9763;8291;6789;944705 ns;120;21168;819;
3830;1000;9763;8291;6789;944705 ns;120;21168;819;
3840;1000;9822;8307;6806;945585 ns;120;21256;830;
3850;1000;9908;8458;6917;969055 ns;123;21547;1123;
3860;1000;9984;8490;6951;970255 ns;123;21667;1138;
3870;1000;9984;8490;6951;970255 ns;123;21667;1138;
3880;1000;10008;8514;6967;970975 ns;123;21739;1147;
3890;1000;10008;8514;6967;970975 ns;123;21739;1147;
3900;1000;10008;8514;6967;970975 ns;123;21739;1147;
3910;1000;10008;8514;6967;970975 ns;123;21739;1147;
3920;1000;10008;8514;6967;970975 ns;123;21739;1147;
3930;1000;10008;8514;6967;970975 ns;123;21739;1147;
3940;1000;10005;8666;7123;976845 ns;124;21934;1220;
3950;1000;10000;8682;7140;977015 ns;124;21951;1223;
3960;1000;9989;8834;7296;978665 ns;124;22116;1243;
3970;1000;10050;9596;7960;1062095 ns;133;23227;716;
3980;1000;10050;9596;7960;1062095 ns;133;23227;716;
3990;1000;10050;9596;7960;1062095 ns;133;23227;716;
4000;1000;10022;9772;8130;1064795 ns;134;23441;750;
4010;1000;10022;9772;8130;1064795 ns;134;23441;750;
4020;1000;10094;10161;8506;1071005 ns;136;24046;827;
4030;1000;10125;10352;8649;1094655 ns;139;24355;1123;
4040;1000;10089;10597;8891;1101595 ns;140;24657;1210;
4050;1000;10271;10915;9171;1167425 ns;144;25296;463;
4060;1000;10271;10915;9171;1167425 ns;144;25296;463;
4070;1000;10271;10915;9171;1167425 ns;144;25296;463;
4080;1000;10271;10915;9171;1167425 ns;144;25296;463;
4090;1000;10271;10915;9171;1167425 ns;144;25296;463;
4100;1000;10357;11375;9572;1187515 ns;149;26017;714;
4110;1000;10357;11375;9572;1187515 ns;149;26017;714;
4120;1000;10357;11375;9572;1187515 ns;149;26017;714;
4130;1000;10357;11375;9572;1187515 ns;149;26017;714;
4140;1000;10357;11375;9572;1187515 ns;149;26017;714;
4150;1000;10357;11375;9572;1187515 ns;149;26017;714;
4160;1000;10441;11391;9589;1188575 ns;149;26123;727;
4170;1000;10441;11391;9589;1188575 ns;149;26123;727;
4180;1000;10441;11391;9589;1188575 ns;149;26123;727;
4190;1000;10441;11391;9589;1188575 ns;149;26123;727;
4200;1000;10463;11725;9890;1193745 ns;151;26576;792;
4210;1000;10463;11725;9890;1193745 ns;151;26576;792;
4220;1000;10463;11725;9890;1193745 ns;151;26576;792;
4230;1000;10463;11725;9890;1193745 ns;151;26576;792;
4240;1000;10463;11725;9890;1193745 ns;151;26576;792;
4250;1000;10463;11725;9890;1193745 ns;151;26576;792;
4260;1000;10463;11725;9890;1193745 ns;151;26576;792;
4270;1000;10549;12713;10816;1240155 ns;158;28017;1372;
4280;1000;10529;13162;11200;1310545 ns;164;28616;682;
4290;1000;10542;13364;11382;1313815 ns;165;28895;723;
4300;1000;10542;13364;11382;1313815 ns;165;28895;723;
4310;1000;10528;13530;11524;1316665 ns;166;29124;758;
4320;1000;10528;13530;11524;1316665 ns;166;29124;758;
4330;1000;10528;13530;11524;1316665 ns;166;29124;758;
4340;1000;10519;13700;11689;1318775 ns;166;29335;785;
4350;1000;10519;13700;11689;1318775 ns;166;29335;785;
4360;1000;10519;13700;11689;1318775 ns;166;29335;785;
4370;1000;10519;13700;11689;1318775 ns;166;29335;785;
4380;1000;10519;13700;11689;1318775 ns;166;29335;785;
4390;1000;10519;13700;11689;1318775 ns;166;29335;785;
4400;1000;10519;13700;11689;1318775 ns;166;29335;785;
4410;1000;10519;13700;11689;1318775 ns;166;29335;785;
4420;1000;10519;13700;11689;1318775 ns;166;29335;785;
4430;1000;10519;13700;11689;1318775 ns;166;29335;785;
4440;1000;10519;13700;11689;1318775 ns;166;29335;785;
4450;1000;10519;13700;11689;1318775 ns;166;29335;785;
4460;1000;10519;13700;11689;1318775 ns;166;29335;785;
4470;1000;10629;14421;12348;1354365 ns;172;30430;1229;
4480;1000;10629;14421;12348;1354365 ns;172;30430;1229;
4490;1000;10629;14421;12348;1354365 ns;172;30430;1229;
4500;1000;10629;14421;12348;1354365 ns;172;30430;1229;
4510;1000;10629;14421;12348;1354365 ns;172;30430;1229;
4520;1000;10629;14421;12348;1354365 ns;172;30430;1229;
4530;1000;10626;15000;12850;1431355 ns;179;31225;622;
4540;1000;10816;15489;13330;1443715 ns;182;32077;776;
4550;1000;10816;15489;13330;1443715 ns;182;32077;776;
4560;1000;10816;15489;13330;1443715 ns;182;32077;776;
4570;1000;10956;16333;14121;1481285 ns;188;33370;1246;
4580;1000;10956;16333;14121;1481285 ns;188;33370;1246;
4590;1000;11027;16590;14339;1547105 ns;193;33824;499;
4600;1000;11027;16590;14339;1547105 ns;193;33824;499;
4610;1000;11027;16590;14339;1547105 ns;193;33824;499;
4620;1000;11027;16590;14339;1547105 ns;193;33824;499;
4630;1000;11027;16590;14339;1547105 ns;193;33824;499;
4640;1000;11027;16590;14339;1547105 ns;193;33824;499;
4650;1000;11027;16590;14339;1547105 ns;193;33824;499;
4660;1000;11027;16590;14339;1547105 ns;193;33824;499;
4670;1000;11027;16590;14339;1547105 ns;193;33824;499;
4680;1000;11027;16590;14339;1547105 ns;193;33824;499;
4690;1000;11027;16590;14339;1547105 ns;193;33824;499;
4700;1000;11027;16590;14339;1547105 ns;193;33824;499;
4710;1000;11085;16835;14531;1561835 ns;196;34241;683;
4720;1000;11085;16835;14531;1561835 ns;196;34241;683;
4730;1000;11085;16835;14531;1561835 ns;196;34241;683;
4740;1000;11085;16835;14531;1561835 ns;196;34241;683;
4750;1000;11085;16835;14531;1561835 ns;196;34241;683;
4760;1000;11085;16835;14531;1561835 ns;196;34241;683;
4770;1000;11085;16835;14531;1561835 ns;196;34241;683;
4780;1000;11085;16835;14531;1561835 ns;196;34241;683;
4790;1000;11085;17391;15068;1570635 ns;199;35009;793;
4800;1000;11085;17391;15068;1570635 ns;199;35009;793;
4810;1000;11085;17391;15068;1570635 ns;199;35009;793;
4820;1000;11085;17391;15068;1570635 ns;199;35009;793;
4830;1000;11085;17391;15068;1570635 ns;199;35009;793;
4840;1000;11085;17391;15068;1570635 ns;199;35009;793;
4850;1000;11085;17391;15068;1570635 ns;199;35009;793;
4860;1000;11085;17391;15068;1570635 ns;199;35009;793;
4870;1000;11085;17391;15068;1570635 ns;199;35009;793;
4880;1000;11085;17391;15068;1570635 ns;199;35009;793;
4890;1000;11085;17391;15068;1570635 ns;199;35009;793;
4900;1000;11085;17391;15068;1570635 ns;199;35009;793;
4910;1000;11085;17391;15068;1570635 ns;199;35009;793;
4920;1000;11085;17391;15068;1570635 ns;199;35009;793;
4930;1000;11085;17391;15068;1570635 ns;199;35009;793;
4940;1000;11085;17391;15068;1570635 ns;199;35009;793;
4950;1000;11085;17391;15068;1570635 ns;199;35009;793;
4960;1000;11085;17391;15068;1570635 ns;199;35009;793;
4970;1000;11085;17391;15068;1570635 ns;199;35009;793;
4980;1000;11100;17752;15402;1596385 ns;203;35520;1115;
4990;1000;11100;17752;15402;1596385 ns;203;35520;1115;
5000;1000;11100;17752;15402;1596385 ns;203;35520;1115;
5010;1000;11100;17752;15402;1596385 ns;203;35520;1115;
Fixed value simulation end #######################################
