Fixed time simulation start ######################################
task_value_tb;vol_cntr1_val;nvreg_val1;vol_cntr_pa_val;framework_pa_val;data_save_pa_val;time;shtdwn_counter;clk_counter;trace_rom_addr;
1;81;81;378;1548;1418;100 us;12;2513;1250;
2;118;118;875;1191;1038;100 us;12;2513;1250;
3;144;144;1102;1027;866;100 us;12;2513;1250;
4;152;152;1331;862;692;100 us;12;2513;1250;
5;163;160;1485;749;578;100 us;12;2513;1250;
6;171;168;1555;702;522;100 us;12;2513;1250;
7;184;182;1626;647;465;100 us;12;2513;1250;
8;167;160;1741;562;375;100 us;12;2513;1250;
9;175;171;1741;565;373;100 us;12;2513;1250;
10;160;160;1847;486;291;100 us;12;2513;1250;
11;141;132;1955;407;213;100 us;12;2513;1250;
12;141;132;1991;381;187;100 us;12;2513;1250;
13;150;143;1991;381;187;100 us;12;2513;1250;
14;159;154;1991;381;187;100 us;12;2513;1250;
15;168;165;1991;381;187;100 us;12;2513;1250;
16;161;160;1954;409;215;100 us;12;2513;1250;
17;169;153;1999;377;181;100 us;12;2513;1250;
18;160;144;2026;352;155;100 us;12;2513;1250;
19;130;114;2059;333;136;100 us;12;2513;1250;
20;135;120;2077;319;118;100 us;12;2513;1250;
21;98;84;2095;301;102;100 us;12;2513;1250;
22;101;88;2127;284;82;100 us;12;2513;1250;
23;104;92;2136;275;73;100 us;12;2513;1250;
24;59;48;2167;253;51;100 us;12;2513;1250;
25;85;75;2167;253;51;100 us;12;2513;1250;
26;87;78;2167;253;51;100 us;12;2513;1250;
27;89;81;2167;253;51;100 us;12;2513;1250;
28;91;84;2167;253;51;100 us;12;2513;1250;
29;93;87;2167;253;51;100 us;12;2513;1250;
30;95;90;2167;253;51;100 us;12;2513;1250;
31;97;93;2167;253;51;100 us;12;2513;1250;
32;99;96;2167;253;51;100 us;12;2513;1250;
33;101;99;2145;269;68;100 us;12;2513;1250;
34;103;102;2153;264;61;100 us;12;2513;1250;
35;105;105;2162;255;52;100 us;12;2513;1250;
36;70;36;2191;237;33;100 us;12;2513;1250;
37;71;37;2200;229;24;100 us;12;2513;1250;
38;34;38;2209;221;17;100 us;12;2513;1250;
39;37;0;2233;205;0;100 us;12;2513;1250;
40;37;0;2233;205;0;100 us;12;2513;1250;
41;37;0;2233;205;0;100 us;12;2513;1250;
42;37;0;2233;205;0;100 us;12;2513;1250;
43;37;0;2233;205;0;100 us;12;2513;1250;
44;37;0;2233;205;0;100 us;12;2513;1250;
45;37;0;2233;205;0;100 us;12;2513;1250;
46;37;0;2233;205;0;100 us;12;2513;1250;
47;37;0;2233;205;0;100 us;12;2513;1250;
48;37;0;2233;205;0;100 us;12;2513;1250;
49;37;0;2233;205;0;100 us;12;2513;1250;
50;37;0;2233;205;0;100 us;12;2513;1250;
51;37;0;2233;205;0;100 us;12;2513;1250;
52;37;0;2233;205;0;100 us;12;2513;1250;
53;37;0;2233;205;0;100 us;12;2513;1250;
54;37;0;2233;205;0;100 us;12;2513;1250;
55;37;0;2233;205;0;100 us;12;2513;1250;
Fixed time simulation end ########################################
Fixed value simulation start #####################################
task_value_tb;vol_cntr1_val;vol_cntr_pa_val;framework_pa_val;data_save_pa_val;time;shtdwn_counter;clk_counter;trace_rom_addr;
1;1000;4669;19766;17911;1442095 ns;182;31915;756;
2;1000;7495;10262;8832;969945 ns;123;21636;1134;
3;1000;7940;7316;6048;815505 ns;102;18016;774;
4;1000;8412;5815;4623;726275 ns;92;16381;1228;
5;1000;9572;4951;3757;726305 ns;92;16384;1229;
6;1000;9534;4365;3181;693035 ns;87;15513;813;
7;1000;9597;3800;2624;685475 ns;85;14821;718;
8;1000;12158;3861;2464;809015 ns;100;17471;693;
9;1000;10072;3530;2302;686245 ns;85;14898;728;
10;1000;12036;3209;1869;726825 ns;92;16436;1235;
11;1000;14186;3096;1584;819915 ns;104;18441;829;
12;1000;14001;2988;1507;816275 ns;102;18093;783;
13;1000;14189;2804;1310;815835 ns;102;18049;778;
14;1000;14323;2812;1309;817395 ns;103;18197;797;
15;1000;13299;2487;1122;732555 ns;93;16713;1307;
16;1000;13805;2804;1324;811255 ns;101;17647;721;
17;1000;12933;2511;1154;726115 ns;92;16365;1226;
18;1000;13967;2526;1049;808955 ns;100;17465;692;
19;1000;16974;2878;1139;941975 ns;118;20911;785;
20;1000;16392;2752;1022;930575 ns;115;20155;642;
21;1000;27482;3987;1207;1473925 ns;187;33026;1154;
22;1000;26949;3674;933;1442555 ns;182;31961;762;
23;1000;25595;3363;786;1348325 ns;171;30218;1154;
24;1000;50195;6037;1054;2610055 ns;332;58479;1226;
25;1000;32360;3882;663;1694865 ns;214;37688;776;
26;1000;30879;3717;646;1604895 ns;204;35979;1221;
27;1000;29972;3608;629;1569705 ns;198;34924;781;
28;1000;28541;3427;595;1480015 ns;188;33243;1230;
29;1000;27733;3334;578;1446115 ns;183;32309;806;
30;1000;26306;3153;561;1356385 ns;172;30632;1255;
31;1000;26023;3137;544;1353335 ns;172;30327;1217;
32;1000;25269;3044;527;1319975 ns;167;29447;800;
33;1000;23775;3039;680;1234955 ns;157;27945;1307;
34;1000;23527;2957;593;1228275 ns;156;27573;1223;
35;1000;23355;2835;486;1221295 ns;155;27267;1136;
36;1000;33485;4007;683;1732175 ns;220;38955;1242;
37;1000;33368;3895;557;1729745 ns;220;38712;1212;
38;41;97892;10283;680;5 ms;637;112080;1270;
39;1000;62380;6562;425;3202065 ns;406;71384;776;
40;1000;61151;6397;408;3114615 ns;396;69927;1253;
41;1000;58743;6640;816;3065415 ns;387;67855;638;
42;1000;57231;6299;621;2951675 ns;374;65849;786;
43;1000;56255;5959;414;2868085 ns;365;64482;1311;
44;43;98852;9643;0;5 ms;637;112080;1270;
45;43;98852;9643;0;5 ms;637;112080;1270;
46;43;98852;9643;0;5 ms;637;112080;1270;
47;43;98852;9643;0;5 ms;637;112080;1270;
48;43;98852;9643;0;5 ms;637;112080;1270;
49;43;98852;9643;0;5 ms;637;112080;1270;
50;43;98852;9643;0;5 ms;637;112080;1270;
51;43;98852;9643;0;5 ms;637;112080;1270;
52;43;98852;9643;0;5 ms;637;112080;1270;
53;43;98852;9643;0;5 ms;637;112080;1270;
54;43;98852;9643;0;5 ms;637;112080;1270;
55;43;98852;9643;0;5 ms;637;112080;1270;
Fixed value simulation end #######################################
