Fixed time simulation start ######################################
fixed_time_sim variable data ------------------------------------<
period_backup_clks;val1;
5;2934;
10;2467;
30;6004;
50;6468;
70;6366;
90;6586;
110;6609;
130;7176;
150;6874;
170;6504;
190;6663;
210;6726;
230;6298;
250;6446;
270;6366;
290;6077;
310;5676;
330;5556;
350;5583;
370;5623;
390;6034;
410;5756;
430;5718;
450;5006;
470;4911;
490;5121;
510;5307;
530;5493;
550;4947;
570;4806;
590;4956;
610;4290;
630;3996;
650;4161;
670;4281;
690;4395;
710;3956;
730;4056;
750;4206;
770;4306;
790;4406;
810;4506;
830;4650;
850;4186;
870;3692;
890;3768;
910;3137;
930;2606;
950;1914;
970;1950;
990;1986;
fixed_time_sim constant data ------------------------------------<
fixed_time:	1000 us
shtdwn_counter:	215
clk_counter:	85558
Fixed time simulation end ########################################

Fixed value simulation start #####################################
fixed_val_sim variable data -------------------------------------<
period_backup_clks;time_us;shtdwn_counter;clk_counter;
5;683115 ns;148;58334;
10;809165 ns;172;69323;
30;332305 ns;70;28453;
50;306055 ns;62;26324;
70;309295 ns;63;26616;
90;301335 ns;62;25852;
110;296075 ns;59;25534;
130;270425 ns;53;23401;
150;281065 ns;55;24417;
170;303615 ns;62;26080;
190;298625 ns;61;25613;
210;283725 ns;55;24683;
230;310735 ns;63;26760;
250;303115 ns;62;26030;
270;306965 ns;62;26415;
290;328305 ns;70;28053;
310;350285 ns;74;29947;
330;354675 ns;75;30322;
350;351225 ns;74;30041;
370;349375 ns;74;29856;
390;329395 ns;70;28162;
410;342255 ns;73;29272;
430;343355 ns;73;29382;
450;383955 ns;81;32946;
470;388805 ns;81;33431;
490;381255 ns;81;32676;
510;373295 ns;80;31896;
530;366945 ns;80;31261;
550;389515 ns;81;33502;
570;394175 ns;82;33888;
590;387395 ns;81;33290;
610;449015 ns;90;38764;
630;499535 ns;107;42728;
650;471455 ns;97;40560;
670;442835 ns;89;38322;
690;432125 ns;87;37299;
710;493045 ns;104;42255;
730;488495 ns;104;41800;
750;444455 ns;89;38484;
770;435295 ns;87;37616;
790;431135 ns;87;37200;
810;427175 ns;87;36804;
830;405555 ns;84;34930;
850;469025 ns;97;40317;
870;511895 ns;108;43836;
890;508295 ns;108;43476;
910;592665 ns;121;51081;
930;711155 ns;149;61122;
950;947575 ns;198;81388;
970;923375 ns;191;79560;
990;920135 ns;191;79236;
fixed_val_sim constant data -------------------------------------<
val1:	2000
Fixed value simulation end #######################################
