Fixed time simulation start ######################################
fixed_time_sim variable data ------------------------------------<
threshold_value[1];val1;
3000;207;
3020;205;
3040;223;
3060;220;
3080;217;
3100;212;
3120;208;
3140;204;
3160;203;
3180;203;
3200;203;
3220;202;
3240;199;
3260;196;
3280;193;
3300;194;
3320;191;
3340;186;
3360;183;
3380;183;
3400;179;
3420;178;
3440;171;
3460;171;
3480;171;
3500;167;
3520;162;
3540;160;
3560;160;
3580;153;
3600;152;
3620;152;
3640;149;
3660;148;
3680;148;
3700;147;
3720;144;
3740;135;
3760;132;
3780;130;
3800;127;
3820;125;
3840;124;
3860;122;
3880;121;
3900;121;
3920;121;
3940;120;
3960;119;
3980;114;
4000;112;
4020;109;
4040;106;
4060;104;
4080;104;
4100;101;
4120;101;
4140;101;
4160;100;
4180;100;
4200;98;
4220;98;
4240;98;
4260;98;
4280;91;
4300;90;
4320;89;
4340;87;
4360;87;
4380;87;
4400;87;
4420;87;
4440;87;
4460;87;
4480;84;
4500;84;
4520;84;
4540;79;
4560;79;
4580;76;
4600;75;
4620;75;
4640;75;
4660;75;
4680;75;
4700;75;
4720;74;
4740;74;
4760;74;
4780;74;
4800;72;
4820;72;
4840;72;
4860;72;
4880;72;
4900;72;
4920;72;
4940;72;
4960;72;
4980;71;
fixed_time_sim constant data ------------------------------------<
fixed_time:	100 us
shtdwn_counter:	12
clk_counter:	2513
Fixed time simulation end ########################################


Fixed value simulation start #####################################
fixed_val_sim variable data -------------------------------------<
period_backup_clks;time_us;shtdwn_counter;clk_counter;
3000;1167515 ns;144;25305;
3020;1175715 ns;146;25533;
3040;1065875 ns;134;23549;
3060;1068685 ns;135;23822;
3080;1094165 ns;139;24306;
3100;1102855 ns;140;24783;
3120;1167515 ns;144;25305;
3140;1180785 ns;147;25672;
3160;1181595 ns;147;25753;
3180;1181685 ns;147;25762;
3200;1181685 ns;147;25762;
3220;1185665 ns;148;25880;
3240;1190485 ns;150;26258;
3260;1194465 ns;151;26648;
3280;1219675 ns;155;27105;
3300;1213425 ns;154;26984;
3320;1227195 ns;156;27465;
3340;1300955 ns;162;28305;
3360;1311085 ns;164;28670;
3380;1311085 ns;164;28670;
3400;1317075 ns;166;29165;
3420;1318385 ns;166;29296;
3440;1352795 ns;172;30273;
3460;1352795 ns;172;30273;
3480;1352795 ns;172;30273;
3500;1426735 ns;178;31131;
3520;1442945 ns;182;32000;
3540;1447195 ns;184;32409;
3560;1447195 ns;184;32409;
3580;1562285 ns;196;34286;
3600;1564675 ns;197;34477;
3620;1564675 ns;197;34477;
3640;1569475 ns;198;34901;
3660;1597985 ns;203;35680;
3680;1597985 ns;203;35680;
3700;1605785 ns;204;36068;
3720;1689915 ns;213;37249;
3740;1808585 ns;227;39692;
3760;1818395 ns;230;40289;
3780;1824425 ns;232;40876;
3800;1857585 ns;236;41744;
3820;1934905 ns;243;42572;
3840;1941295 ns;245;42883;
3860;1946225 ns;246;43320;
3880;1950295 ns;248;43711;
3900;1950295 ns;248;43711;
3920;1950295 ns;248;43711;
3940;1975055 ns;251;44131;
3960;1981815 ns;252;44415;
3980;2073945 ns;263;46332;
4000;2101475 ns;267;47021;
4020;2191185 ns;276;48416;
4040;2225385 ns;283;49660;
4060;2297915 ns;288;50577;
4080;2297915 ns;288;50577;
4100;2324235 ns;295;51857;
4120;2324235 ns;295;51857;
4140;2324235 ns;295;51857;
4160;2350985 ns;299;52468;
4180;2350985 ns;299;52468;
4200;2426395 ns;305;53489;
4220;2426395 ns;305;53489;
4240;2426395 ns;305;53489;
4260;2426395 ns;305;53489;
4280;2571995 ns;326;57137;
4300;2578175 ns;328;57739;
4320;2609375 ns;332;58411;
4340;2677595 ns;337;59105;
4360;2677595 ns;337;59105;
4380;2677595 ns;337;59105;
4400;2677595 ns;337;59105;
4420;2677595 ns;337;59105;
4440;2677595 ns;337;59105;
4460;2677595 ns;337;59105;
4480;2728775 ns;347;60991;
4500;2728775 ns;347;60991;
4520;2728775 ns;347;60991;
4540;2872865 ns;366;64512;
4560;2872865 ns;366;64512;
4580;2985595 ns;380;66777;
4600;3059935 ns;386;67675;
4620;3059935 ns;386;67675;
4640;3059935 ns;386;67675;
4660;3059935 ns;386;67675;
4680;3059935 ns;386;67675;
4700;3059935 ns;386;67675;
4720;3074395 ns;390;68369;
4740;3074395 ns;390;68369;
4760;3074395 ns;390;68369;
4780;3074395 ns;390;68369;
4800;3124155 ns;398;70137;
4820;3124155 ns;398;70137;
4840;3124155 ns;398;70137;
4860;3124155 ns;398;70137;
4880;3124155 ns;398;70137;
4900;3124155 ns;398;70137;
4920;3124155 ns;398;70137;
4940;3124155 ns;398;70137;
4960;3124155 ns;398;70137;
4980;3198205 ns;405;71054;
fixed_val_sim constant data -------------------------------------<
val1:	2000
Fixed value simulation end #######################################
